40
      0.0000000000       0.0000000000       0.0000000000
      0.0357142857       0.0000000000       0.0000000000
      0.0714285714       0.0000000000       0.0000000000
      0.1071428571       0.0000000000       0.0000000000
      0.1428571429       0.0000000000       0.0000000000
      0.1785714286       0.0000000000       0.0000000000
      0.2142857143       0.0000000000       0.0000000000
      0.2500000000       0.0000000000       0.0000000000
      0.2857142857       0.0000000000       0.0000000000
      0.3214285714       0.0000000000       0.0000000000
      0.3571428571       0.0000000000       0.0000000000
      0.3928571429       0.0000000000       0.0000000000
      0.4285714286       0.0000000000       0.0000000000
      0.4642857143       0.0000000000       0.0000000000
      0.5000000000       0.0000000000       0.0000000000
      0.4833333333       0.0333333333       0.0000000000
      0.4666666667       0.0666666667       0.0000000000
      0.4500000000       0.1000000000       0.0000000000
      0.4333333333       0.1333333333       0.0000000000
      0.4166666667       0.1666666667       0.0000000000
      0.4000000000       0.2000000000       0.0000000000
      0.3833333333       0.2333333333       0.0000000000
      0.3666666667       0.2666666667       0.0000000000
      0.3500000000       0.3000000000       0.0000000000
      0.3333333333       0.3333333333       0.0000000000
      0.3111111111       0.3111111111       0.0000000000
      0.2888888889       0.2888888889       0.0000000000
      0.2666666667       0.2666666667       0.0000000000
      0.2444444444       0.2444444444       0.0000000000
      0.2222222222       0.2222222222       0.0000000000
      0.2000000000       0.2000000000       0.0000000000
      0.1777777778       0.1777777778       0.0000000000
      0.1555555556       0.1555555556       0.0000000000
      0.1333333333       0.1333333333       0.0000000000
      0.1111111111       0.1111111111       0.0000000000
      0.0888888889       0.0888888889       0.0000000000
      0.0666666667       0.0666666667       0.0000000000
      0.0444444444       0.0444444444       0.0000000000
      0.0222222222       0.0222222222       0.0000000000
      0.0000000000       0.0000000000       0.0000000000
4
      0.0000000000       0.0000000000       0.0000000000 G
      0.5000000000       0.0000000000       0.0000000000 M
      0.3333333333       0.3333333333       0.0000000000 K
      0.0000000000       0.0000000000       0.0000000000 G
