60
      0.0000000000       0.0000000000       0.0000000000
      0.0555555556       0.0000000000       0.0000000000
      0.1111111111       0.0000000000       0.0000000000
      0.1666666667       0.0000000000       0.0000000000
      0.2222222222       0.0000000000       0.0000000000
      0.2777777778       0.0000000000       0.0000000000
      0.3333333333       0.0000000000       0.0000000000
      0.3888888889       0.0000000000       0.0000000000
      0.4444444444       0.0000000000       0.0000000000
      0.5000000000       0.0000000000       0.0000000000
      0.4666666667       0.0666666667       0.0000000000
      0.4333333333       0.1333333333       0.0000000000
      0.4000000000       0.2000000000       0.0000000000
      0.3666666667       0.2666666667       0.0000000000
      0.3333333333       0.3333333333       0.0000000000
      0.3030303030       0.3030303030       0.0000000000
      0.2727272727       0.2727272727       0.0000000000
      0.2424242424       0.2424242424       0.0000000000
      0.2121212121       0.2121212121       0.0000000000
      0.1818181818       0.1818181818       0.0000000000
      0.1515151515       0.1515151515       0.0000000000
      0.1212121212       0.1212121212       0.0000000000
      0.0909090909       0.0909090909       0.0000000000
      0.0606060606       0.0606060606       0.0000000000
      0.0303030303       0.0303030303       0.0000000000
      0.0000000000       0.0000000000       0.0000000000
      0.0000000000       0.0000000000       0.1000000000
      0.0000000000       0.0000000000       0.2000000000
      0.0000000000       0.0000000000       0.3000000000
      0.0000000000       0.0000000000       0.4000000000
      0.0000000000       0.0000000000       0.5000000000
      0.0500000000       0.0000000000       0.5000000000
      0.1000000000       0.0000000000       0.5000000000
      0.1500000000       0.0000000000       0.5000000000
      0.2000000000       0.0000000000       0.5000000000
      0.2500000000       0.0000000000       0.5000000000
      0.3000000000       0.0000000000       0.5000000000
      0.3500000000       0.0000000000       0.5000000000
      0.4000000000       0.0000000000       0.5000000000
      0.4500000000       0.0000000000       0.5000000000
      0.5000000000       0.0000000000       0.5000000000
      0.4722222222       0.0555555556       0.5000000000
      0.4444444444       0.1111111111       0.5000000000
      0.4166666667       0.1666666667       0.5000000000
      0.3888888889       0.2222222222       0.5000000000
      0.3611111111       0.2777777778       0.5000000000
      0.3333333333       0.3333333333       0.5000000000
      0.3076923077       0.3076923077       0.5000000000
      0.2820512821       0.2820512821       0.5000000000
      0.2564102564       0.2564102564       0.5000000000
      0.2307692308       0.2307692308       0.5000000000
      0.2051282051       0.2051282051       0.5000000000
      0.1794871795       0.1794871795       0.5000000000
      0.1538461538       0.1538461538       0.5000000000
      0.1282051282       0.1282051282       0.5000000000
      0.1025641026       0.1025641026       0.5000000000
      0.0769230769       0.0769230769       0.5000000000
      0.0512820513       0.0512820513       0.5000000000
      0.0256410256       0.0256410256       0.5000000000
      0.0000000000       0.0000000000       0.5000000000
8
      0.0000000000       0.0000000000       0.0000000000 G
      0.5000000000       0.0000000000       0.0000000000 M
      0.3333333333       0.3333333333       0.0000000000 K
      0.0000000000       0.0000000000       0.0000000000 G
      0.0000000000       0.0000000000       0.5000000000 A
      0.5000000000       0.0000000000       0.5000000000 L
      0.3333333333       0.3333333333       0.5000000000 H
      0.0000000000       0.0000000000       0.5000000000 A