60
      0.0000000000       0.0000000000       0.0000000000
     -0.0714285714       0.0000000000       0.0000000000
     -0.1428571429       0.0000000000       0.0000000000
     -0.2142857143       0.0000000000       0.0000000000
     -0.2857142857       0.0000000000       0.0000000000
     -0.3571428571       0.0000000000       0.0000000000
     -0.4285714286       0.0000000000       0.0000000000
     -0.5000000000       0.0000000000       0.0000000000
     -0.5000000000       0.0000000000      -0.1000000000
     -0.5000000000       0.0000000000      -0.2000000000
     -0.5000000000       0.0000000000      -0.3000000000
     -0.5000000000       0.0000000000      -0.4000000000
     -0.5000000000       0.0000000000      -0.5000000000
     -0.4285714286       0.0000000000      -0.5000000000
     -0.3571428571       0.0000000000      -0.5000000000
     -0.2857142857       0.0000000000      -0.5000000000
     -0.2142857143       0.0000000000      -0.5000000000
     -0.1428571429       0.0000000000      -0.5000000000
     -0.0714285714       0.0000000000      -0.5000000000
      0.0000000000       0.0000000000      -0.5000000000
      0.0000000000       0.0000000000      -0.4166666667
      0.0000000000       0.0000000000      -0.3333333333
      0.0000000000       0.0000000000      -0.2500000000
      0.0000000000       0.0000000000      -0.1666666667
      0.0000000000       0.0000000000      -0.0833333333
      0.0000000000       0.0000000000       0.0000000000
      0.0000000000      -0.1250000000       0.0000000000
      0.0000000000      -0.2500000000       0.0000000000
      0.0000000000      -0.3750000000       0.0000000000
      0.0000000000      -0.5000000000       0.0000000000
     -0.0714285714      -0.5000000000       0.0000000000
     -0.1428571429      -0.5000000000       0.0000000000
     -0.2142857143      -0.5000000000       0.0000000000
     -0.2857142857      -0.5000000000       0.0000000000
     -0.3571428571      -0.5000000000       0.0000000000
     -0.4285714286      -0.5000000000       0.0000000000
     -0.5000000000      -0.5000000000       0.0000000000
     -0.5000000000      -0.5000000000      -0.0833333333
     -0.5000000000      -0.5000000000      -0.1666666667
     -0.5000000000      -0.5000000000      -0.2500000000
     -0.5000000000      -0.5000000000      -0.3333333333
     -0.5000000000      -0.5000000000      -0.4166666667
     -0.5000000000      -0.5000000000      -0.5000000000
     -0.4444444444      -0.5000000000      -0.5000000000
     -0.3888888889      -0.5000000000      -0.5000000000
     -0.3333333333      -0.5000000000      -0.5000000000
     -0.2777777778      -0.5000000000      -0.5000000000
     -0.2222222222      -0.5000000000      -0.5000000000
     -0.1666666667      -0.5000000000      -0.5000000000
     -0.1111111111      -0.5000000000      -0.5000000000
     -0.0555555556      -0.5000000000      -0.5000000000
      0.0000000000      -0.5000000000      -0.5000000000
      0.0000000000      -0.5000000000      -0.4375000000
      0.0000000000      -0.5000000000      -0.3750000000
      0.0000000000      -0.5000000000      -0.3125000000
      0.0000000000      -0.5000000000      -0.2500000000
      0.0000000000      -0.5000000000      -0.1875000000
      0.0000000000      -0.5000000000      -0.1250000000
      0.0000000000      -0.5000000000      -0.0625000000
      0.0000000000      -0.5000000000       0.0000000000
10
      0.0000000000       0.0000000000       0.0000000000 G
     -0.5000000000       0.0000000000       0.0000000000 X
     -0.5000000000       0.0000000000      -0.5000000000 S
      0.0000000000       0.0000000000      -0.5000000000 Y
      0.0000000000       0.0000000000       0.0000000000 G
      0.0000000000      -0.5000000000       0.0000000000 Z
     -0.5000000000      -0.5000000000       0.0000000000 U
     -0.5000000000      -0.5000000000      -0.5000000000 R
      0.0000000000      -0.5000000000      -0.5000000000 T
      0.0000000000      -0.5000000000       0.0000000000 Z
