60
      0.0000000000       0.0000000000       0.0000000000
      0.0000000000       0.0714285714       0.0000000000
      0.0000000000       0.1428571429       0.0000000000
      0.0000000000       0.2142857143       0.0000000000
      0.0000000000       0.2857142857       0.0000000000
      0.0000000000       0.3571428571       0.0000000000
      0.0000000000       0.4285714286       0.0000000000
      0.0000000000       0.5000000000       0.0000000000
      0.0417812164       0.5116083713       0.0000000000
      0.0835624328       0.5232167427       0.0000000000
      0.1253436493       0.5348251140       0.0000000000
      0.1671248657       0.5464334854       0.0000000000
      0.2089060821       0.5580418567       0.0000000000
      0.2506872985       0.5696502281       0.0000000000
      0.2924685149       0.5812585994       0.0000000000
      0.3342497314       0.5928669708       0.0000000000
      0.3760309478       0.6044753421       0.0000000000
      0.4178121642       0.6160837135       0.0000000000
      0.4595933806       0.6276920848       0.0000000000
      0.4797966903       0.5638460424       0.0000000000
      0.5000000000       0.5000000000       0.0000000000
      0.5000000000       0.5000000000       0.0454545455
      0.5000000000       0.5000000000       0.0909090909
      0.5000000000       0.5000000000       0.1363636364
      0.5000000000       0.5000000000       0.1818181818
      0.5000000000       0.5000000000       0.2272727273
      0.5000000000       0.5000000000       0.2727272727
      0.5000000000       0.5000000000       0.3181818182
      0.5000000000       0.5000000000       0.3636363636
      0.5000000000       0.5000000000       0.4090909091
      0.5000000000       0.5000000000       0.4545454545
      0.5000000000       0.5000000000       0.5000000000
      0.5202033097       0.4361539576       0.5000000000
      0.5404066194       0.3723079152       0.5000000000
      0.5336721828       0.3102565960       0.5000000000
      0.5269377463       0.2482052768       0.5000000000
      0.5202033097       0.1861539576       0.5000000000
      0.5134688731       0.1241026384       0.5000000000
      0.5067344366       0.0620513192       0.5000000000
      0.5000000000       0.0000000000       0.5000000000
      0.5000000000       0.0000000000       0.4583333333
      0.5000000000       0.0000000000       0.4166666667
      0.5000000000       0.0000000000       0.3750000000
      0.5000000000       0.0000000000       0.3333333333
      0.5000000000       0.0000000000       0.2916666667
      0.5000000000       0.0000000000       0.2500000000
      0.5000000000       0.0000000000       0.2083333333
      0.5000000000       0.0000000000       0.1666666667
      0.5000000000       0.0000000000       0.1250000000
      0.5000000000       0.0000000000       0.0833333333
      0.5000000000       0.0000000000       0.0416666667
      0.5000000000       0.0000000000       0.0000000000
      0.5050508274       0.0465384894       0.0000000000
      0.5101016548       0.0930769788       0.0000000000
      0.5151524823       0.1396154682       0.0000000000
      0.5202033097       0.1861539576       0.0000000000
      0.5252541371       0.2326924470       0.0000000000
      0.5303049645       0.2792309364       0.0000000000
      0.5353557920       0.3257694258       0.0000000000
      0.5404066194       0.3723079152       0.0000000000
9
      0.0000000000       0.0000000000       0.0000000000 G
      0.0000000000       0.5000000000       0.0000000000 Y
      0.4595933806       0.6276920848       0.0000000000 H
      0.5000000000       0.5000000000       0.0000000000 C
      0.5000000000       0.5000000000       0.5000000000 E
      0.5404066194       0.3723079152       0.5000000000 M1
      0.5000000000       0.0000000000       0.5000000000 A
      0.5000000000       0.0000000000       0.0000000000 X
      0.5404066194       0.3723079152       0.0000000000 H1