60
      0.0000000000       0.0000000000       0.0000000000 G
      0.0555555556       0.0000000000       0.0555555556
      0.1111111111       0.0000000000       0.1111111111
      0.1666666667       0.0000000000       0.1666666667
      0.2222222222       0.0000000000       0.2222222222
      0.2777777778       0.0000000000       0.2777777778
      0.3333333333       0.0000000000       0.3333333333
      0.3888888889       0.0000000000       0.3888888889
      0.4444444444       0.0000000000       0.4444444444
      0.5000000000       0.0000000000       0.5000000000 X
      0.5000000000       0.0625000000       0.5625000000
      0.5000000000       0.1250000000       0.6250000000
      0.5000000000       0.1875000000       0.6875000000
      0.5000000000       0.2500000000       0.7500000000
      0.4583333333       0.2916666667       0.7500000000
      0.4166666667       0.3333333333       0.7500000000
      0.3750000000       0.3750000000       0.7500000000
      0.3375000000       0.3375000000       0.6750000000
      0.3000000000       0.3000000000       0.6000000000
      0.2625000000       0.2625000000       0.5250000000
      0.2250000000       0.2250000000       0.4500000000
      0.1875000000       0.1875000000       0.3750000000
      0.1500000000       0.1500000000       0.3000000000
      0.1125000000       0.1125000000       0.2250000000
      0.0750000000       0.0750000000       0.1500000000
      0.0375000000       0.0375000000       0.0750000000
      0.0000000000       0.0000000000       0.0000000000
      0.0625000000       0.0625000000       0.0625000000
      0.1250000000       0.1250000000       0.1250000000
      0.1875000000       0.1875000000       0.1875000000
      0.2500000000       0.2500000000       0.2500000000
      0.3125000000       0.3125000000       0.3125000000
      0.3750000000       0.3750000000       0.3750000000
      0.4375000000       0.4375000000       0.4375000000
      0.5000000000       0.5000000000       0.5000000000
      0.5208333333       0.4583333333       0.5208333333
      0.5416666667       0.4166666667       0.5416666667
      0.5625000000       0.3750000000       0.5625000000
      0.5833333333       0.3333333333       0.5833333333
      0.6041666667       0.2916666667       0.6041666667
      0.6250000000       0.2500000000       0.6250000000
      0.5833333333       0.2500000000       0.6666666667
      0.5416666667       0.2500000000       0.7083333333
      0.5000000000       0.2500000000       0.7500000000
      0.5000000000       0.2812500000       0.7187500000
      0.5000000000       0.3125000000       0.6875000000
      0.5000000000       0.3437500000       0.6562500000
      0.5000000000       0.3750000000       0.6250000000
      0.5000000000       0.4062500000       0.5937500000
      0.5000000000       0.4375000000       0.5625000000
      0.5000000000       0.4687500000       0.5312500000
      0.5000000000       0.5000000000       0.5000000000
      0.4843750000       0.4843750000       0.5312500000
      0.4687500000       0.4687500000       0.5625000000
      0.4531250000       0.4531250000       0.5937500000
      0.4375000000       0.4375000000       0.6250000000
      0.4218750000       0.4218750000       0.6562500000
      0.4062500000       0.4062500000       0.6875000000
      0.3906250000       0.3906250000       0.7187500000
      0.3750000000       0.3750000000       0.7500000000
10
      0.0000000000       0.0000000000       0.0000000000 G
      0.5000000000       0.0000000000       0.5000000000 X
      0.5000000000       0.2500000000       0.7500000000 W
      0.3750000000       0.3750000000       0.7500000000 K
      0.0000000000       0.0000000000       0.0000000000 G
      0.5000000000       0.5000000000       0.5000000000 L
      0.6250000000       0.2500000000       0.6250000000 U
      0.5000000000       0.2500000000       0.7500000000 W
      0.5000000000       0.5000000000       0.5000000000 L
      0.3750000000       0.3750000000       0.7500000000 K
