60
      0.0000000000       0.0000000000       0.0000000000
      0.0185185185       0.0000000000       0.0000000000
      0.0370370370       0.0000000000       0.0000000000
      0.0555555556       0.0000000000       0.0000000000
      0.0740740741       0.0000000000       0.0000000000
      0.0925925926       0.0000000000       0.0000000000
      0.1111111111       0.0000000000       0.0000000000
      0.1296296296       0.0000000000       0.0000000000
      0.1481481481       0.0000000000       0.0000000000
      0.1666666667       0.0000000000       0.0000000000
      0.1851851852       0.0000000000       0.0000000000
      0.2037037037       0.0000000000       0.0000000000
      0.2222222222       0.0000000000       0.0000000000
      0.2407407407       0.0000000000       0.0000000000
      0.2592592593       0.0000000000       0.0000000000
      0.2777777778       0.0000000000       0.0000000000
      0.2962962963       0.0000000000       0.0000000000
      0.3148148148       0.0000000000       0.0000000000
      0.3333333333       0.0000000000       0.0000000000
      0.3518518519       0.0000000000       0.0000000000
      0.3703703704       0.0000000000       0.0000000000
      0.3888888889       0.0000000000       0.0000000000
      0.4074074074       0.0000000000       0.0000000000
      0.4259259259       0.0000000000       0.0000000000
      0.4444444444       0.0000000000       0.0000000000
      0.4629629630       0.0000000000       0.0000000000
      0.4814814815       0.0000000000       0.0000000000
      0.5000000000       0.0000000000       0.0000000000
      0.5000000000       0.0115973000      -0.0115973000
      0.5000000000       0.0231946000      -0.0231946000
      0.5000000000       0.0347919000      -0.0347919000
      0.5000000000       0.0463891999      -0.0463891999
      0.5000000000       0.0579864999      -0.0579864999
      0.5000000000       0.0695837999      -0.0695837999
      0.5000000000       0.0811810999      -0.0811810999
      0.5000000000       0.0927783999      -0.0927783999
      0.5000000000       0.1043756999      -0.1043756999
      0.5000000000       0.1159729998      -0.1159729998
      0.5000000000       0.1275702998      -0.1275702998
      0.5000000000       0.1391675998      -0.1391675998
      0.5000000000       0.1507648998      -0.1507648998
      0.5000000000       0.1623621998      -0.1623621998
      0.5000000000       0.1739594998      -0.1739594998
      0.5000000000       0.1855567997      -0.1855567997
      0.5000000000       0.1971540997      -0.1971540997
      0.5000000000       0.2087513997      -0.2087513997
      0.5000000000       0.2203486997      -0.2203486997
      0.5000000000       0.2319459997      -0.2319459997
      0.5000000000       0.2435432997      -0.2435432997
      0.5000000000       0.2551405996      -0.2551405996
      0.5000000000       0.2667378996      -0.2667378996
      0.5000000000       0.2783351996      -0.2783351996
      0.5000000000       0.2899324996      -0.2899324996
      0.5000000000       0.3015297996      -0.3015297996
      0.5000000000       0.3131270996      -0.3131270996
      0.5000000000       0.3247243995      -0.3247243995
      0.5000000000       0.3363216995      -0.3363216995
      0.5000000000       0.3479189995      -0.3479189995
      0.5000000000       0.3595162995      -0.3595162995
      0.5000000000       0.3711135995      -0.3711135995
3
      0.0000000000       0.0000000000       0.0000000000 G
      0.5000000000       0.0000000000       0.0000000000 L
      0.5000000000       0.3711135995      -0.3711135995 B1
