60
      0.0000000000       0.0000000000       0.0000000000
      0.0000000000       0.0625000000       0.0000000000
      0.0000000000       0.1250000000       0.0000000000
      0.0000000000       0.1875000000       0.0000000000
      0.0000000000       0.2500000000       0.0000000000
      0.0000000000       0.3125000000       0.0000000000
      0.0000000000       0.3750000000       0.0000000000
      0.0000000000       0.4375000000       0.0000000000
      0.0000000000       0.5000000000       0.0000000000
      0.0625000000       0.5000000000       0.0000000000
      0.1250000000       0.5000000000       0.0000000000
      0.1875000000       0.5000000000       0.0000000000
      0.2500000000       0.5000000000       0.0000000000
      0.3125000000       0.5000000000       0.0000000000
      0.3750000000       0.5000000000       0.0000000000
      0.4375000000       0.5000000000       0.0000000000
      0.5000000000       0.5000000000       0.0000000000
      0.4615384615       0.4615384615       0.0000000000
      0.4230769231       0.4230769231       0.0000000000
      0.3846153846       0.3846153846       0.0000000000
      0.3461538462       0.3461538462       0.0000000000
      0.3076923077       0.3076923077       0.0000000000
      0.2692307692       0.2692307692       0.0000000000
      0.2307692308       0.2307692308       0.0000000000
      0.1923076923       0.1923076923       0.0000000000
      0.1538461538       0.1538461538       0.0000000000
      0.1153846154       0.1153846154       0.0000000000
      0.0769230769       0.0769230769       0.0000000000
      0.0384615385       0.0384615385       0.0000000000
      0.0000000000       0.0000000000       0.0000000000
      0.0312500000       0.0312500000       0.0312500000
      0.0625000000       0.0625000000       0.0625000000
      0.0937500000       0.0937500000       0.0937500000
      0.1250000000       0.1250000000       0.1250000000
      0.1562500000       0.1562500000       0.1562500000
      0.1875000000       0.1875000000       0.1875000000
      0.2187500000       0.2187500000       0.2187500000
      0.2500000000       0.2500000000       0.2500000000
      0.2812500000       0.2812500000       0.2812500000
      0.3125000000       0.3125000000       0.3125000000
      0.3437500000       0.3437500000       0.3437500000
      0.3750000000       0.3750000000       0.3750000000
      0.4062500000       0.4062500000       0.4062500000
      0.4375000000       0.4375000000       0.4375000000
      0.4687500000       0.4687500000       0.4687500000
      0.5000000000       0.5000000000       0.5000000000
      0.4642857143       0.5000000000       0.4642857143
      0.4285714286       0.5000000000       0.4285714286
      0.3928571429       0.5000000000       0.3928571429
      0.3571428571       0.5000000000       0.3571428571
      0.3214285714       0.5000000000       0.3214285714
      0.2857142857       0.5000000000       0.2857142857
      0.2500000000       0.5000000000       0.2500000000
      0.2142857143       0.5000000000       0.2142857143
      0.1785714286       0.5000000000       0.1785714286
      0.1428571429       0.5000000000       0.1428571429
      0.1071428571       0.5000000000       0.1071428571
      0.0714285714       0.5000000000       0.0714285714
      0.0357142857       0.5000000000       0.0357142857
      0.0000000000       0.5000000000       0.0000000000
6
      0.0000000000       0.0000000000       0.0000000000 G
      0.0000000000       0.5000000000       0.0000000000 X
      0.5000000000       0.5000000000       0.0000000000 M
      0.0000000000       0.0000000000       0.0000000000 G
      0.5000000000       0.5000000000       0.5000000000 R
      0.0000000000       0.5000000000       0.0000000000 X