60
      0.0000000000       0.0000000000       0.0000000000
     -0.0384615385      -0.0384615385      -0.0384615385
     -0.0769230769      -0.0769230769      -0.0769230769
     -0.1153846154      -0.1153846154      -0.1153846154
     -0.1538461538      -0.1538461538      -0.1538461538
     -0.1923076923      -0.1923076923      -0.1923076923
     -0.2307692308      -0.2307692308      -0.2307692308
     -0.2692307692      -0.2692307692      -0.2692307692
     -0.3076923077      -0.3076923077      -0.3076923077
     -0.3461538462      -0.3461538462      -0.3461538462
     -0.3846153846      -0.3846153846      -0.3846153846
     -0.4230769231      -0.4230769231      -0.4230769231
     -0.4615384615      -0.4615384615      -0.4615384615
     -0.5000000000      -0.5000000000      -0.5000000000
     -0.4500000000      -0.4500000000      -0.5000000000
     -0.4000000000      -0.4000000000      -0.5000000000
     -0.3500000000      -0.3500000000      -0.5000000000
     -0.3000000000      -0.3000000000      -0.5000000000
     -0.2500000000      -0.2500000000      -0.5000000000
     -0.2000000000      -0.2000000000      -0.5000000000
     -0.1500000000      -0.1500000000      -0.5000000000
     -0.1000000000      -0.1000000000      -0.5000000000
     -0.0500000000      -0.0500000000      -0.5000000000
      0.0000000000       0.0000000000      -0.5000000000
      0.0000000000       0.0000000000      -0.4500000000
      0.0000000000       0.0000000000      -0.4000000000
      0.0000000000       0.0000000000      -0.3500000000
      0.0000000000       0.0000000000      -0.3000000000
      0.0000000000       0.0000000000      -0.2500000000
      0.0000000000       0.0000000000      -0.2000000000
      0.0000000000       0.0000000000      -0.1500000000
      0.0000000000       0.0000000000      -0.1000000000
      0.0000000000       0.0000000000      -0.0500000000
      0.0000000000       0.0000000000       0.0000000000
     -0.0192307692       0.0192307692      -0.0192307692
     -0.0384615385       0.0384615385      -0.0384615385
     -0.0576923077       0.0576923077      -0.0576923077
     -0.0769230769       0.0769230769      -0.0769230769
     -0.0961538462       0.0961538462      -0.0961538462
     -0.1153846154       0.1153846154      -0.1153846154
     -0.1346153846       0.1346153846      -0.1346153846
     -0.1538461538       0.1538461538      -0.1538461538
     -0.1730769231       0.1730769231      -0.1730769231
     -0.1923076923       0.1923076923      -0.1923076923
     -0.2115384615       0.2115384615      -0.2115384615
     -0.2307692308       0.2307692308      -0.2307692308
     -0.2500000000       0.2500000000      -0.2500000000
     -0.2692307692       0.1923076923      -0.2692307692
     -0.2884615385       0.1346153846      -0.2884615385
     -0.3076923077       0.0769230769      -0.3076923077
     -0.3269230769       0.0192307692      -0.3269230769
     -0.3461538462      -0.0384615385      -0.3461538462
     -0.3653846154      -0.0961538462      -0.3653846154
     -0.3846153846      -0.1538461538      -0.3846153846
     -0.4038461538      -0.2115384615      -0.4038461538
     -0.4230769231      -0.2692307692      -0.4230769231
     -0.4423076923      -0.3269230769      -0.4423076923
     -0.4615384615      -0.3846153846      -0.4615384615
     -0.4807692308      -0.4423076923      -0.4807692308
     -0.5000000000      -0.5000000000      -0.5000000000
6
      0.0000000000       0.0000000000       0.0000000000 G
     -0.5000000000      -0.5000000000      -0.5000000000 H
      0.0000000000       0.0000000000      -0.5000000000 N
      0.0000000000       0.0000000000       0.0000000000 G
     -0.2500000000       0.2500000000      -0.2500000000 P
     -0.5000000000      -0.5000000000      -0.5000000000 H
